0.0005478 0.0005208 0.0004579 0.0005154 0.0008567 
0.0006011 0.0005783 0.0003572 0.0004174 0.0009282 0.0000011 
0.0006099 0.0005946 0.0003672 0.0004196 0.0009389 0.0000012 
0.0007952 0.0006510 0.0004711 0.0005285 0.0009337 
0.0009148 0.0007133 0.0003623 0.0004224 0.0009156 0.0000011 
0.0008334 0.0007664 0.0003625 0.0004159 0.0009078 0.0000011 
0.0008320 0.0007136 0.0003565 0.0004158 0.0009102 0.0000012 
0.0013971 0.0009998 0.0004865 0.0005895 0.0014098 
0.0014662 0.0010734 0.0003605 0.0004166 0.0015049 0.0000012 
0.0014563 0.0010737 0.0003621 0.0004220 0.0014977 0.0000012 
0.0014550 0.0010722 0.0003608 0.0004180 0.0014911 0.0000011 
0.0014439 0.0011014 0.0003647 0.0004259 0.0015983 0.0000012 
0.0015017 0.0011315 0.0003647 0.0004232 0.0015500 0.0000012 
0.0043338 0.0024372 0.0007889 0.0008872 0.0043035 
0.0047592 0.0031418 0.0005242 0.0006187 0.0049917 0.0000012 
0.0048269 0.0031579 0.0005247 0.0006079 0.0050182 0.0000012 
