1.50748782158 1.46004662514 1.49480757713 1.59171481133 1.462277174
1.46844797134 1.43034920692 1.48050756454 1.56615562439 1.43342981339
1.47071681023 1.43830542564 1.45421643257 1.57908740044 1.44248962402
1.54252438545 1.4991765976 1.50810422897 1.60002298355 1.47947559357
0.972314786911 0.941252994537 1.04290499687 1.11367464066 0.975124597549
0.975815200806 0.971427583694 1.05926237106 1.13526039124 0.961882209778
0.959707021713 0.971932983398 1.04406099319 1.11923780441 0.95872797966
0.949349403381 1.0454679966 1.07458958626 1.1779747963 1.03501820564
0.878477621078 0.874080228806 1.0196542263 1.1516752243 0.95117020607
0.897640800476 0.873289823532 1.08065619469 1.13270177841 0.963166761398
0.859224796295 0.861046600342 1.06754179001 1.13237757683 0.948771572113
0.843083190918 0.857564592361 1.05280056 1.1340777874 0.983977985382
0.83641242981 0.874273395538 1.07908120155 1.16041460037 0.963499975204
1.09813761711 1.02789678574 1.58818516731 1.71209616661 1.27816720009
0.923104000092 0.839292764664 1.68179540634 1.72954921722 1.2024889946 5.10359959602
0.923104000092 0.839292764664 1.68179540634 1.72954921722 1.2024889946 5.10359959602
